Sampling:
BLEU-1: 0.587866
BLEU-2: 0.366849
BLEU-3: 0.270134
BLEU-4: 0.144244