Sampling:
BLEU-1: 0.595796
BLEU-2: 0.369997
BLEU-3: 0.272431
BLEU-4: 0.144684